SSID,MAC,X,Y,Z,Covariance
CARE-TB-15106e798aa44361,e4:b3:18:e8:78:3a,-4.7998649179935455,-9.78779536485672,0.658434740267694,"[12.798785779158319, 10.55409311375227, -0.3380991884592042, 10.55409311375227, 30.08865544531676, 0.032524414652620834, -0.3380991884592042, 0.032524414652620834, 0.01411760652770179]"
CARE-TB-2dbc348a4f7c4b7b,f4:b3:1:6d:d1:a7,-5.110129509653364,-10.633465826511383,0.6569203447018351,"[13.256119084346116, 10.172866702414417, -0.36584263489464036, 10.172866702414417, 28.52850656916805, 0.017296706306881474, -0.36584263489464036, 0.017296706306881474, 0.015101470793523657]"
CARE-TB-51b6269178ed47c1,a4:34:d9:9f:f0:29,-5.034534800437189,-9.951965270503875,0.6651728355115459,"[11.449411317314889, 9.661724291636864, -0.2984063172927699, 9.661724291636864, 30.196800980429096, 0.06897174805242555, -0.2984063172927699, 0.06897174805242555, 0.013120151509398655]"
DIRECT-273CE938,fa:d0:27:3c:69:38,-4.972256561120351,-10.286469999949137,0.6584241439898809,"[13.122982639268614, 9.84706713940006, -0.3590892398917993, 9.84706713940006, 28.092666488699624, 0.03564476536244176, -0.3590892398917993, 0.03564476536244176, 0.015012215207882628]"
DIRECT-f4-HP M209 LaserJet,5e:fb:3a:a9:33:f4,-6.769826991217477,-15.061766386032104,0.6571411511727742,"[5.982027266713331, -1.9617005030565338, -0.22713298635921403, -1.9617005030565338, 10.654171149617557, 0.23941667210338582, -0.22713298635921403, 0.23941667210338582, 0.012104204731817864]"
FASTWEB-1-271185,e0:b9:e5:27:11:85,-1.5348312854766846,-1.539939532832553,0.6276514331499735,"[1.4580485279581787, 1.3943774837915648, -0.05782063419637258, 1.3943774837915648, 1.4096085968425422, -0.05787699857115294, -0.05782063419637258, -0.05787699857115294, 0.002380478747507513]"
HANDHY,4e:66:ff:83:94:6a,-2.628012776374817,-3.8681021332740784,0.6690355092287064,"[4.206662099924998, -1.4706916328698085, -0.17020740943489976, -1.4706916328698085, 0.9608199143057838, 0.06740031562356652, -0.17020740943489976, 0.06740031562356652, 0.0071021266068747035]"
HANDHY,4e:47:ff:83:95:4b,-4.833322810090107,-11.625745337942373,0.6317478923693948,"[15.668442927176816, 12.574736188154667, -0.41391088312150137, 12.574736188154667, 27.19900515452706, -0.08904426921328787, -0.41391088312150137, -0.08904426921328787, 0.015211401209676971]"
HANDHY,4e:68:ff:8e:2b:6c,-4.522711490883546,-9.212174076381523,0.636343488798422,"[13.275398572426939, 12.485842307318595, -0.41764226652932646, 12.485842307318595, 33.62017271413441, -0.1728850656082713, -0.41764226652932646, -0.1728850656082713, 0.0258027718741135]"
HANDHY,4e:46:ff:83:95:4a,-6.168823599815369,-13.812066078186035,0.6573989152908325,"[9.82990096679439, 3.399722181286055, -0.2980469487793686, 3.399722181286055, 18.487903649645006, 0.15880986274205214, -0.2980469487793686, 0.15880986274205214, 0.013812346268152023]"
HANDHY,4e:65:ff:83:94:69,-4.522711490883546,-9.212174076381523,0.636343488798422,"[13.275398572426939, 12.485842307318595, -0.41764226652932646, 12.485842307318595, 33.62017271413441, -0.1728850656082713, -0.41764226652932646, -0.1728850656082713, 0.0258027718741135]"
HANDHY,4e:3b:ff:83:95:3f,-4.257194722852399,-9.114778808062717,0.6250393707906047,"[13.44630289622702, 12.848019127869318, -0.4295921041259505, 12.848019127869318, 35.794646712201164, -0.1868806893440779, -0.4295921041259505, -0.1868806893440779, 0.02675292685865491]"
HANDHY,4e:c1:ff:8e:2b:c5,-7.058511058489482,-16.25380023320516,0.6531514972448349,"[7.549080152528526, -4.696942393687771, -0.3622367514464771, -4.696942393687771, 3.3379866488653285, 0.22840030690686555, -0.3622367514464771, 0.22840030690686555, 0.017778807356366423]"
HANDHY,4e:3a:ff:83:95:3e,-3.8710369940461784,-8.80967646325007,0.6143211568224018,"[12.571470377156858, 12.83604968014291, -0.38752368199140236, 12.83604968014291, 36.43788970927873, -0.173215343443503, -0.38752368199140236, -0.173215343443503, 0.026211040333222822]"
HANDHY,4e:c2:ff:8e:2b:c6,-6.849745670954387,-15.9769500096639,0.6488298699259758,"[6.070721665286502, -4.194988260413248, -0.2774891091711815, -4.194988260413248, 4.284420759490077, 0.21104966061746447, -0.2774891091711815, 0.21104966061746447, 0.013394473215236402]"
HANDHY,4e:67:ff:8e:2b:6b,-4.522711490883546,-9.212174076381523,0.636343488798422,"[13.275398572426939, 12.485842307318595, -0.41764226652932646, 12.485842307318595, 33.62017271413441, -0.1728850656082713, -0.41764226652932646, -0.1728850656082713, 0.0258027718741135]"
HANDHY,4e:ec:ff:8e:2b:e0,-5.261938677384303,-10.503090717489473,0.6630504406415499,"[11.252567981702057, 10.76415682228665, -0.2642486387322166, 10.76415682228665, 35.11531327021815, 0.08369730755335832, -0.2642486387322166, 0.08369730755335832, 0.011388328367706804]"
HANDHY,4e:eb:ff:8e:2b:ef,-5.0945726116498316,-10.221528728803,0.6633880207935969,"[12.20368115796416, 9.310261688862195, -0.3342778392086668, 9.310261688862195, 28.921817727939743, 0.06406413547604373, -0.3342778392086668, 0.06406413547604373, 0.014512428689994096]"
HIPERT,4e:c2:ff:8e:2b:c3,-6.567436131564054,-15.60373661734841,0.6464392840862274,"[6.671320397448181, -2.7923815294674053, -0.2814205569526051, -2.7923815294674053, 8.494634997962018, 0.21092796575141712, -0.2814205569526051, 0.21092796575141712, 0.013409802023528301]"
HIPERT,4e:c1:ff:8e:2b:c2,-6.780858244214739,-14.922992297581263,0.668744078704289,"[6.900445132971777, -1.4788135311402528, -0.2683587365251925, -1.4788135311402528, 10.211536091814418, 0.1705771927931358, -0.2683587365251925, 0.1705771927931358, 0.012027513303427162]"
HIPERT,4e:66:ff:83:94:67,-2.628012776374817,-3.8681021332740784,0.6690355092287064,"[4.206662099924998, -1.4706916328698085, -0.17020740943489976, -1.4706916328698085, 0.9608199143057838, 0.06740031562356652, -0.17020740943489976, 0.06740031562356652, 0.0071021266068747035]"
HIPERT,4e:3b:ff:83:95:3c,-3.2934479761123656,-8.676970230359585,0.5875770032405854,"[11.461080352834843, 13.15707585676792, -0.3400130428461475, 13.15707585676792, 41.32506668454967, -0.15768652319058174, -0.3400130428461475, -0.15768652319058174, 0.025457179501647498]"
HIPERT,4e:47:ff:83:95:48,-4.833322810090107,-11.625745337942373,0.6317478923693948,"[15.668442927176816, 12.574736188154667, -0.41391088312150137, 12.574736188154667, 27.19900515452706, -0.08904426921328787, -0.41391088312150137, -0.08904426921328787, 0.015211401209676971]"
HIPERT,4e:46:ff:83:95:47,-6.842214359956629,-14.07488618177526,0.6755160671823165,"[5.098599332135025, -1.720919660938285, -0.19237493235129016, -1.720919660938285, 13.723248725883149, 0.28259398683058606, -0.19237493235129016, 0.28259398683058606, 0.011555047938221763]"
HIPERT,4e:68:ff:8e:2b:69,-4.522711490883546,-9.212174076381523,0.636343488798422,"[13.275398572426939, 12.485842307318595, -0.41764226652932646, 12.485842307318595, 33.62017271413441, -0.1728850656082713, -0.41764226652932646, -0.1728850656082713, 0.0258027718741135]"
HIPERT,4e:eb:ff:8e:2b:ec,-4.7998649179935455,-9.78779536485672,0.658434740267694,"[12.798785779158319, 10.55409311375227, -0.3380991884592042, 10.55409311375227, 30.08865544531676, 0.032524414652620834, -0.3380991884592042, 0.032524414652620834, 0.01411760652770179]"
HIPERT,4e:3a:ff:83:95:3b,-4.522711490883546,-9.212174076381523,0.636343488798422,"[13.275398572426939, 12.485842307318595, -0.41764226652932646, 12.485842307318595, 33.62017271413441, -0.1728850656082713, -0.41764226652932646, -0.1728850656082713, 0.0258027718741135]"
HIPERT,4e:67:ff:8e:2b:68,-4.522711490883546,-9.212174076381523,0.636343488798422,"[13.275398572426939, 12.485842307318595, -0.41764226652932646, 12.485842307318595, 33.62017271413441, -0.1728850656082713, -0.41764226652932646, -0.1728850656082713, 0.0258027718741135]"
HIPERT,4e:65:ff:83:94:66,-4.522711490883546,-9.212174076381523,0.636343488798422,"[13.275398572426939, 12.485842307318595, -0.41764226652932646, 12.485842307318595, 33.62017271413441, -0.1728850656082713, -0.41764226652932646, -0.1728850656082713, 0.0258027718741135]"
HIPERT,4e:ec:ff:8e:2b:ed,-5.892311535098336,-11.980841224843806,0.6716780229048296,"[10.134259132645608, 5.98671051336405, -0.2751040904715084, 5.98671051336405, 26.33842153918198, 0.18127004175643088, -0.2751040904715084, 0.18127004175643088, 0.013277259509609196]"
IDEATIVA,4e:67:ff:8e:2b:6d,-4.522711490883546,-9.212174076381523,0.636343488798422,"[13.275398572426939, 12.485842307318595, -0.41764226652932646, 12.485842307318595, 33.62017271413441, -0.1728850656082713, -0.41764226652932646, -0.1728850656082713, 0.0258027718741135]"
IDEATIVA,4e:47:ff:83:95:4d,-4.952403225681999,-11.955001029101284,0.6304671615362167,"[16.054501534728757, 12.244533301396489, -0.4362327432496309, 12.244533301396489, 25.941909436949665, -0.1027905580560406, -0.4362327432496309, -0.1027905580560406, 0.01586510229364735]"
IDEATIVA,4e:46:ff:83:95:4c,-5.084975639979045,-13.37353064219157,0.6135499874750773,"[18.023303454501356, 12.897021676661922, -0.4960974855660219, 12.897021676661922, 24.85388880041506, -0.1704065755779987, -0.4960974855660219, -0.1704065755779987, 0.016499353238887415]"
IDEATIVA,4e:65:ff:83:94:6b,-4.522711490883546,-9.212174076381523,0.636343488798422,"[13.275398572426939, 12.485842307318595, -0.41764226652932646, 12.485842307318595, 33.62017271413441, -0.1728850656082713, -0.41764226652932646, -0.1728850656082713, 0.0258027718741135]"
IDEATIVA,4e:eb:ff:8e:2b:e1,-5.0945726116498316,-10.221528728803,0.6633880207935969,"[12.20368115796416, 9.310261688862195, -0.3342778392086668, 9.310261688862195, 28.921817727939743, 0.06406413547604373, -0.3342778392086668, 0.06406413547604373, 0.014512428689994096]"
IDEATIVA,4e:3b:ff:83:95:31,-4.257194722852399,-9.114778808062717,0.6250393707906047,"[13.44630289622702, 12.848019127869318, -0.4295921041259505, 12.848019127869318, 35.794646712201164, -0.1868806893440779, -0.4295921041259505, -0.1868806893440779, 0.02675292685865491]"
IDEATIVA,4e:c1:ff:8e:2b:c7,-6.277416801452636,-15.743729305267333,0.6346242755651474,"[6.413229106971975, -2.625013241135976, -0.2718702232258782, -2.625013241135976, 9.128521018379805, 0.21382659951939811, -0.2718702232258782, 0.21382659951939811, 0.013215243535996006]"
IDEATIVA,4e:3a:ff:83:95:30,-4.522711490883546,-9.212174076381523,0.636343488798422,"[13.275398572426939, 12.485842307318595, -0.41764226652932646, 12.485842307318595, 33.62017271413441, -0.1728850656082713, -0.41764226652932646, -0.1728850656082713, 0.0258027718741135]"
IDEATIVA,4e:66:ff:83:94:6c,-0.8073239667075021,-4.191821609224592,0.5801973811217717,"[7.673010652302283, -1.699423724565253, -0.34599002214567004, -1.699423724565253, 0.69507020845972, 0.07970005027811368, -0.34599002214567004, 0.07970005027811368, 0.015985416522110298]"
IDEATIVA,4e:c2:ff:8e:2b:c8,-6.313343260023329,-16.65969138675266,0.621433460050159,"[6.756277075120521, -4.034390399933384, -0.30272067472889713, -4.034390399933384, 2.7133533106474332, 0.18540943211320976, -0.30272067472889713, 0.18540943211320976, 0.01420955083467841]"
IDEATIVA,4e:68:ff:8e:2b:6e,-4.522711490883546,-9.212174076381523,0.636343488798422,"[13.275398572426939, 12.485842307318595, -0.41764226652932646, 12.485842307318595, 33.62017271413441, -0.1728850656082713, -0.41764226652932646, -0.1728850656082713, 0.0258027718741135]"
IDEATIVA,4e:ec:ff:8e:2b:e2,-4.7479133776256015,-10.261751806474335,0.6462363231749761,"[10.077546204834688, 9.226085314542344, -0.2452723126500733, 9.226085314542344, 38.326249891013525, 0.17589454443865143, -0.2452723126500733, 0.17589454443865143, 0.011788578993544576]"
Interdamo,d8:ec:e5:78:81:ed,-5.097916762034099,-9.80202047030131,0.6534554759661356,"[5.813725269365073, 10.014445567031707, -0.03894022417561713, 10.014445567031707, 27.219493180426383, 0.09355188670674548, -0.03894022417561713, 0.09355188670674548, 0.0028489716884563003]"
Interdamo,d8:ec:e5:78:81:ee,-4.732501983642578,-4.186487277348836,0.7389282385508219,"[0.18784051870003773, 0.6875382352121733, 0.0014917573523026324, 0.6875382352121733, 2.767243557844356, 0.012173534818674942, 0.0014917573523026324, 0.012173534818674942, 0.00019162085194166263]"
L'inox,c4:6e:1f:e0:55:65,-9.811905860900879,-14.962732950846354,0.7633061210314432,"[7.179065384358788e-05, -0.0007758896445011487, 0.00015499274517575637, -0.0007758896445011487, 0.03477155151166597, -0.007267517481478889, 0.00015499274517575637, -0.007267517481478889, 0.0015199109096223475]"
Mi 11 Lite 5G,fa:e8:c2:1:12:30,-4.522711490883546,-9.212174076381523,0.636343488798422,"[13.275398572426939, 12.485842307318595, -0.41764226652932646, 12.485842307318595, 33.62017271413441, -0.1728850656082713, -0.41764226652932646, -0.1728850656082713, 0.0258027718741135]"
OPEN ENERGY,4e:68:ff:8e:2b:6d,-4.522711490883546,-9.212174076381523,0.636343488798422,"[13.275398572426939, 12.485842307318595, -0.41764226652932646, 12.485842307318595, 33.62017271413441, -0.1728850656082713, -0.41764226652932646, -0.1728850656082713, 0.0258027718741135]"
OPEN ENERGY,4e:c2:ff:8e:2b:c7,-6.849745670954387,-15.9769500096639,0.6488298699259758,"[6.070721665286502, -4.194988260413248, -0.2774891091711815, -4.194988260413248, 4.284420759490077, 0.21104966061746447, -0.2774891091711815, 0.21104966061746447, 0.013394473215236402]"
OPEN ENERGY,4e:eb:ff:8e:2b:e0,-5.223807892629078,-10.714689995561328,0.660172127187252,"[12.74280383729137, 9.100788961636903, -0.3606771985973675, 9.100788961636903, 27.25854820538576, 0.041162913236205884, -0.3606771985973675, 0.041162913236205884, 0.015225976409885156]"
OPEN ENERGY,4e:ec:ff:8e:2b:e1,-5.932529259811748,-11.98839900710366,0.6707929535345598,"[10.175258456777298, 5.868225249761918, -0.2772802396928346, 5.868225249761918, 26.292441767438206, 0.17808404104048844, -0.2772802396928346, 0.17808404104048844, 0.013161622496202483]"
OPEN ENERGY,4e:67:ff:8e:2b:6c,-4.522711490883546,-9.212174076381523,0.636343488798422,"[13.275398572426939, 12.485842307318595, -0.41764226652932646, 12.485842307318595, 33.62017271413441, -0.1728850656082713, -0.41764226652932646, -0.1728850656082713, 0.0258027718741135]"
OPEN ENERGY,4e:c1:ff:8e:2b:c6,-6.850922107696533,-16.386154174804688,0.6669695228338242,"[8.752141529465803, -3.8218940967610706, -0.3664897442975601, -3.8218940967610706, 1.6690145831412337, 0.16003412407219741, -0.3664897442975601, 0.16003412407219741, 0.015360767254741559]"
OPEN ENERGY,4e:66:ff:83:94:6b,-2.628012776374817,-3.8681021332740784,0.6690355092287064,"[4.206662099924998, -1.4706916328698085, -0.17020740943489976, -1.4706916328698085, 0.9608199143057838, 0.06740031562356652, -0.17020740943489976, 0.06740031562356652, 0.0071021266068747035]"
OPEN ENERGY,4e:65:ff:83:94:6a,-4.522711490883546,-9.212174076381523,0.636343488798422,"[13.275398572426939, 12.485842307318595, -0.41764226652932646, 12.485842307318595, 33.62017271413441, -0.1728850656082713, -0.41764226652932646, -0.1728850656082713, 0.0258027718741135]"
OPEN ENERGY,4e:3a:ff:83:95:3f,-4.3133798956871034,-9.52408872943682,0.6416218707958857,"[12.98332493740556, 12.877963298705996, -0.3181938311085422, 12.877963298705996, 34.83751945745868, -0.007672912797727764, -0.3181938311085422, -0.007672912797727764, 0.012863773339247963]"
OPEN ENERGY,4e:47:ff:83:95:4c,-5.170886828785851,-12.31227020990281,0.6349110390458789,"[15.76882974165576, 11.11034224196017, -0.4356456148820335, 11.11034224196017, 24.369130571643765, -0.07275681603079537, -0.4356456148820335, -0.07275681603079537, 0.01618612631419023]"
OPEN ENERGY,4e:3b:ff:83:95:30,-3.982315255062921,-8.981731326468955,0.613547760461058,"[13.715028384751736, 13.286949424066517, -0.43737035479670006, 13.286949424066517, 38.64093659046962, -0.183529692772289, -0.43737035479670006, -0.183529692772289, 0.02813391475304733]"
OPEN ENERGY,4e:46:ff:83:95:4b,-7.025588870048523,-13.918222486972809,0.6845231633633375,"[5.586984062681701, -3.025164195757206, -0.23395038467766158, -3.025164195757206, 14.304815888168429, 0.32163304472465604, -0.23395038467766158, 0.32163304472465604, 0.013397286986570216]"
SUSTENIE,4e:3b:ff:83:95:3e,-4.083513565858206,-8.945144443726168,0.6203877041737239,"[12.959393519627824, 12.36295535954929, -0.4188667288910442, 12.36295535954929, 36.09575125812806, -0.16864848785608372, -0.4188667288910442, -0.16864848785608372, 0.026973913015524046]"
SUSTENIE,4e:66:ff:83:94:69,-2.628012776374817,-3.8681021332740784,0.6690355092287064,"[4.206662099924998, -1.4706916328698085, -0.17020740943489976, -1.4706916328698085, 0.9608199143057838, 0.06740031562356652, -0.17020740943489976, 0.06740031562356652, 0.0071021266068747035]"
SUSTENIE,4e:c2:ff:8e:2b:c5,-6.8596813461997295,-15.925361980091441,0.6531409810889851,"[6.62142084132885, -4.570200086641176, -0.3022013862175604, -4.570200086641176, 4.641977658265333, 0.22756717263886062, -0.3022013862175604, 0.22756717263886062, 0.01438912444492183]"
SUSTENIE,4e:3a:ff:83:95:3d,-3.918733673095703,-8.779644953031093,0.6121735954284668,"[11.903238571235343, 10.975664219564003, -0.4159605493863958, 10.975664219564003, 38.06579136017798, -0.1269420808576465, -0.4159605493863958, -0.1269420808576465, 0.029940483327682624]"
SUSTENIE,4e:c1:ff:8e:2b:c4,-5.66022527217865,-15.789979934692383,0.611075472086668,"[5.824351672003246, -3.0099724076154075, -0.25106207238740064, -3.0099724076154075, 11.342473707278486, 0.254636949861073, -0.25106207238740064, 0.254636949861073, 0.0128443341128288]"
SUSTENIE,4e:46:ff:83:95:49,-6.818432426452636,-14.256067434946695,0.6753336648146312,"[5.763142428436367, -1.7707597314358887, -0.21516900017197702, -1.7707597314358887, 13.319777810716845, 0.28146516376361097, -0.21516900017197702, 0.28146516376361097, 0.012335879174476701]"
SUSTENIE,4e:eb:ff:8e:2b:ee,-4.66971363559846,-9.875805270287298,0.6514504657637689,"[12.669590434659783, 11.261094996093242, -0.31991722082824686, 11.261094996093242, 30.81139344335058, 0.013903658483901536, -0.31991722082824686, 0.013903658483901536, 0.013012050298807991]"
SUSTENIE,4e:67:ff:8e:2b:6a,-4.522711490883546,-9.212174076381523,0.636343488798422,"[13.275398572426939, 12.485842307318595, -0.41764226652932646, 12.485842307318595, 33.62017271413441, -0.1728850656082713, -0.41764226652932646, -0.1728850656082713, 0.0258027718741135]"
SUSTENIE,4e:65:ff:83:94:68,-4.522711490883546,-9.212174076381523,0.636343488798422,"[13.275398572426939, 12.485842307318595, -0.41764226652932646, 12.485842307318595, 33.62017271413441, -0.1728850656082713, -0.41764226652932646, -0.1728850656082713, 0.0258027718741135]"
SUSTENIE,4e:ec:ff:8e:2b:ef,-5.368968270443104,-10.353764027374348,0.6691506129724009,"[10.3731638587463, 9.670560150813312, -0.2482330975170843, 9.670560150813312, 34.365538913787496, 0.11325065419124174, -0.2482330975170843, 0.11325065419124174, 0.011228736402408769]"
SUSTENIE,4e:47:ff:83:95:4a,-5.036462594162334,-11.951808842745693,0.6360479904846712,"[15.431532125335165, 11.622876296727712, -0.4126340311120657, 11.622876296727712, 25.990023159855532, -0.06084331955901052, -0.4126340311120657, -0.06084331955901052, 0.015477539129966467]"
SUSTENIE,4e:68:ff:8e:2b:6b,-4.522711490883546,-9.212174076381523,0.636343488798422,"[13.275398572426939, 12.485842307318595, -0.41764226652932646, 12.485842307318595, 33.62017271413441, -0.1728850656082713, -0.41764226652932646, -0.1728850656082713, 0.0258027718741135]"
TECHBOARDGROUP,4c:9e:ff:8e:2b:c2,-6.417036745283339,-16.603448761834038,0.628916300005383,"[6.930872831704864, -4.117021201400023, -0.31004749807694465, -4.117021201400023, 2.7516256915396187, 0.18851253411374191, -0.31004749807694465, 0.18851253411374191, 0.014357794078975767]"
TECHBOARDGROUP,4c:9e:ff:8e:2b:eb,-4.7998649179935455,-9.78779536485672,0.658434740267694,"[12.798785779158319, 10.55409311375227, -0.3380991884592042, 10.55409311375227, 30.08865544531676, 0.032524414652620834, -0.3380991884592042, 0.032524414652620834, 0.01411760652770179]"
TECHBOARDGROUP,4c:9e:ff:8e:2b:ec,-5.693255887581752,-11.028738076870258,0.6767601118637965,"[9.337705599029235, 6.630452874067945, -0.23810806056234046, 6.630452874067945, 27.95637438935241, 0.1724225203618004, -0.23810806056234046, 0.1724225203618004, 0.011650527355314308]"
TECHBOARDGROUP,4c:9e:ff:8e:2b:67,-4.522711490883546,-9.212174076381523,0.636343488798422,"[13.275398572426939, 12.485842307318595, -0.41764226652932646, 12.485842307318595, 33.62017271413441, -0.1728850656082713, -0.41764226652932646, -0.1728850656082713, 0.0258027718741135]"
TECHBOARDGROUP,4c:9e:ff:83:94:65,-4.522711490883546,-9.212174076381523,0.636343488798422,"[13.275398572426939, 12.485842307318595, -0.41764226652932646, 12.485842307318595, 33.62017271413441, -0.1728850656082713, -0.41764226652932646, -0.1728850656082713, 0.0258027718741135]"
TECHBOARDGROUP,4c:9e:ff:8e:2b:c1,-5.416188910603523,-13.872574865818024,0.6167059391736984,"[11.584232838509031, 6.789030670756258, -0.32379399428115874, 6.789030670756258, 21.906397958130153, 0.06082167647072101, -0.32379399428115874, 0.06082167647072101, 0.012695371448791626]"
TECHBOARDGROUP,4c:9e:ff:83:94:66,-2.628012776374817,-3.8681021332740784,0.6690355092287064,"[4.206662099924998, -1.4706916328698085, -0.17020740943489976, -1.4706916328698085, 0.9608199143057838, 0.06740031562356652, -0.17020740943489976, 0.06740031562356652, 0.0071021266068747035]"
TECHBOARDGROUP,4c:9e:ff:83:95:46,-6.168823599815369,-13.812066078186035,0.6573989152908325,"[9.82990096679439, 3.399722181286055, -0.2980469487793686, 3.399722181286055, 18.487903649645006, 0.15880986274205214, -0.2980469487793686, 0.15880986274205214, 0.013812346268152023]"
TECHBOARDGROUP,4c:9e:ff:83:95:3b,-3.4853613328933717,-8.95988881709054,0.5916925919055939,"[13.008036199005323, 14.820167575627963, -0.38496627196634936, 14.820167575627963, 42.86658086079475, -0.21071574777268537, -0.38496627196634936, -0.21071574777268537, 0.026673797855724126]"
TECHBOARDGROUP,4c:9e:ff:8e:2b:68,-4.522711490883546,-9.212174076381523,0.636343488798422,"[13.275398572426939, 12.485842307318595, -0.41764226652932646, 12.485842307318595, 33.62017271413441, -0.1728850656082713, -0.41764226652932646, -0.1728850656082713, 0.0258027718741135]"
TECHBOARDGROUP,4c:9e:ff:83:95:3a,-4.522711490883546,-9.212174076381523,0.636343488798422,"[13.275398572426939, 12.485842307318595, -0.41764226652932646, 12.485842307318595, 33.62017271413441, -0.1728850656082713, -0.41764226652932646, -0.1728850656082713, 0.0258027718741135]"
TECHBOARDGROUP,4c:9e:ff:83:95:47,-5.170886828785851,-12.31227020990281,0.6349110390458789,"[15.76882974165576, 11.11034224196017, -0.4356456148820335, 11.11034224196017, 24.369130571643765, -0.07275681603079537, -0.4356456148820335, -0.07275681603079537, 0.01618612631419023]"
VST,4e:ec:ff:8e:2b:ee,-5.85343554019928,-11.316456804275512,0.6785452151298523,"[9.044118274060933, 5.69741715804006, -0.2401980152377102, 5.69741715804006, 26.92229564633433, 0.19267321981618213, -0.2401980152377102, 0.19267321981618213, 0.012033697014094322]"
VST,4e:66:ff:83:94:68,-2.628012776374817,-3.8681021332740784,0.6690355092287064,"[4.206662099924998, -1.4706916328698085, -0.17020740943489976, -1.4706916328698085, 0.9608199143057838, 0.06740031562356652, -0.17020740943489976, 0.06740031562356652, 0.0071021266068747035]"
VST,4e:3a:ff:83:95:3c,-4.522711490883546,-9.212174076381523,0.636343488798422,"[13.275398572426939, 12.485842307318595, -0.41764226652932646, 12.485842307318595, 33.62017271413441, -0.1728850656082713, -0.41764226652932646, -0.1728850656082713, 0.0258027718741135]"
VST,4e:c2:ff:8e:2b:c4,-6.122274822658962,-15.71100648244222,0.6308321721023984,"[6.885119783017579, -2.967448213888002, -0.29619488145651907, -2.967448213888002, 10.13209330019668, 0.23882599387456943, -0.29619488145651907, 0.23882599387456943, 0.014539803442162515]"
VST,4e:3b:ff:83:95:3d,-3.5444181011273312,-8.923210562439635,0.595319648201649,"[12.594919661284184, 14.196008650807887, -0.37551493246691175, 14.196008650807887, 41.25149857140857, -0.19928544357377737, -0.37551493246691175, -0.19928544357377737, 0.02597677098794972]"
VST,4e:c1:ff:8e:2b:c3,-7.058511058489482,-16.25380023320516,0.6531514972448349,"[7.549080152528526, -4.696942393687771, -0.3622367514464771, -4.696942393687771, 3.3379866488653285, 0.22840030690686555, -0.3622367514464771, 0.22840030690686555, 0.017778807356366423]"
VST,4e:46:ff:83:95:48,-6.842214359956629,-14.07488618177526,0.6755160671823165,"[5.098599332135025, -1.720919660938285, -0.19237493235129016, -1.720919660938285, 13.723248725883149, 0.28259398683058606, -0.19237493235129016, 0.28259398683058606, 0.011555047938221763]"
VST,4e:68:ff:8e:2b:6a,-4.522711490883546,-9.212174076381523,0.636343488798422,"[13.275398572426939, 12.485842307318595, -0.41764226652932646, 12.485842307318595, 33.62017271413441, -0.1728850656082713, -0.41764226652932646, -0.1728850656082713, 0.0258027718741135]"
VST,4e:47:ff:83:95:49,-4.90233542237963,-12.144450255802699,0.623740751118887,"[16.763852339405535, 13.03628306135069, -0.4495966459618938, 13.03628306135069, 26.387636248805983, -0.1357202380797676, -0.4495966459618938, -0.1357202380797676, 0.01562520221899765]"
VST,4e:eb:ff:8e:2b:ed,-4.7998649179935455,-9.78779536485672,0.658434740267694,"[12.798785779158319, 10.55409311375227, -0.3380991884592042, 10.55409311375227, 30.08865544531676, 0.032524414652620834, -0.3380991884592042, 0.032524414652620834, 0.01411760652770179]"
VST,4e:65:ff:83:94:67,-4.522711490883546,-9.212174076381523,0.636343488798422,"[13.275398572426939, 12.485842307318595, -0.41764226652932646, 12.485842307318595, 33.62017271413441, -0.1728850656082713, -0.41764226652932646, -0.1728850656082713, 0.0258027718741135]"
VST,4e:67:ff:8e:2b:69,-4.522711490883546,-9.212174076381523,0.636343488798422,"[13.275398572426939, 12.485842307318595, -0.41764226652932646, 12.485842307318595, 33.62017271413441, -0.1728850656082713, -0.41764226652932646, -0.1728850656082713, 0.0258027718741135]"
VST-ButterfLife,b6:4e:26:64:50:84,-4.522711490883546,-9.212174076381523,0.636343488798422,"[13.275398572426939, 12.485842307318595, -0.41764226652932646, 12.485842307318595, 33.62017271413441, -0.1728850656082713, -0.41764226652932646, -0.1728850656082713, 0.0258027718741135]"
VST-ButterfLife,0:31:92:e5:f5:b2,-6.319511023434726,-15.816519217057662,0.6316045820713043,"[5.847927514308204, -2.3557353267103904, -0.245883631904685, -2.3557353267103904, 8.351639183838806, 0.19658584997541403, -0.245883631904685, 0.19658584997541403, 0.012105043247963949]"
VST-ButterfLife-5G,b6:4e:26:64:50:83,-4.968663174659014,-9.493622628055164,0.6496120225638151,"[10.723088009732043, 11.132585749992945, -0.34293440247697937, 11.132585749992945, 34.374800775756626, -0.12022210819966508, -0.34293440247697937, -0.12022210819966508, 0.02438186488769456]"
hipert-wifi,54:af:97:df:76:ea,0.6412899494171143,-4.619345378875733,0.5162538349628448,"[3.3954616799277577, -0.23660665771699316, -0.1606667831977262, -0.23660665771699316, 0.03020927568719344, 0.010034628906349215, -0.1606667831977262, 0.010034628906349215, 0.00795541766833537]"
hipert-wifi,34:60:f9:2a:4:af,-4.522711490883546,-9.212174076381523,0.636343488798422,"[13.275398572426939, 12.485842307318595, -0.41764226652932646, 12.485842307318595, 33.62017271413441, -0.1728850656082713, -0.41764226652932646, -0.1728850656082713, 0.0258027718741135]"
hipert-wifi,34:60:f9:2a:4:ae,-4.522711490883546,-9.212174076381523,0.636343488798422,"[13.275398572426939, 12.485842307318595, -0.41764226652932646, 12.485842307318595, 33.62017271413441, -0.1728850656082713, -0.41764226652932646, -0.1728850656082713, 0.0258027718741135]"
hipert-wifi,28:87:ba:31:ee:d9,-4.544518308206038,-8.923429024053004,0.6413304155523126,"[13.661515110072957, 13.078285925818772, -0.42660062676321775, 13.078285925818772, 31.804259848381175, -0.2270823214917027, -0.42660062676321775, -0.2270823214917027, 0.02573911314486213]"
hipert-wifi,28:87:ba:31:ee:d8,-4.566803906112909,-8.633618948064395,0.644981175661087,"[14.072048077418536, 13.700115858154394, -0.4372470370788948, 13.700115858154394, 30.02647692387383, -0.269093537168141, -0.4372470370788948, -0.269093537168141, 0.02610363480136907]"
hipert-wifi,54:af:97:df:76:eb,-0.9788757115602493,-4.830319553613663,0.5813340991735458,"[10.308549365313976, 1.9298764534455402, -0.3767871305764945, 1.9298764534455402, 3.1838730155825337, -0.0130269332915387, -0.3767871305764945, -0.0130269332915387, 0.015223526706956036]"
hipert-wifi-pro,20:97:27:8:52:20,-4.955080266921751,-9.237476007607315,0.652571568565984,"[11.063090222318941, 11.380366510139405, -0.3552831782462145, 11.380366510139405, 33.38411039957073, -0.1483587273307304, -0.3552831782462145, -0.1483587273307304, 0.02488809145701883]"
hipert-wifi-pro-5,20:97:27:8:52:21,-4.522711490883546,-9.212174076381523,0.636343488798422,"[13.275398572426939, 12.485842307318595, -0.41764226652932646, 12.485842307318595, 33.62017271413441, -0.1728850656082713, -0.41764226652932646, -0.1728850656082713, 0.0258027718741135]"
jock71,de:52:38:ed:d1:fd,-5.195041531010678,-12.236073167700516,0.6407436006947568,"[15.259614219941714, 10.84796550773225, -0.4213433994269436, 10.84796550773225, 25.823142279453922, -0.03739849253827628, -0.4213433994269436, -0.03739849253827628, 0.01629043972830383]"
vst-mac,b0:4e:26:64:50:83,-4.522711490883546,-9.212174076381523,0.636343488798422,"[13.275398572426939, 12.485842307318595, -0.41764226652932646, 12.485842307318595, 33.62017271413441, -0.1728850656082713, -0.41764226652932646, -0.1728850656082713, 0.0258027718741135]"
vst-mac_5G,b0:4e:26:64:50:82,-4.522711490883546,-9.212174076381523,0.636343488798422,"[13.275398572426939, 12.485842307318595, -0.41764226652932646, 12.485842307318595, 33.62017271413441, -0.1728850656082713, -0.41764226652932646, -0.1728850656082713, 0.0258027718741135]"
,2a:87:ba:21:ee:d8,-4.566803906112909,-8.633618948064395,0.644981175661087,"[14.072048077418536, 13.700115858154394, -0.4372470370788948, 13.700115858154394, 30.02647692387383, -0.269093537168141, -0.4372470370788948, -0.269093537168141, 0.02610363480136907]"
,2a:87:ba:51:ee:d8,-4.65815669490445,-8.936597516459804,0.6464603447145031,"[13.891478013786944, 12.431792597859106, -0.44516879468819553, 12.431792597859106, 28.953375443843925, -0.24283927792781573, -0.44516879468819553, -0.24283927792781573, 0.026964477406270698]"
,36:60:f9:2a:4:ae,-4.522711490883546,-9.212174076381523,0.636343488798422,"[13.275398572426939, 12.485842307318595, -0.41764226652932646, 12.485842307318595, 33.62017271413441, -0.1728850656082713, -0.41764226652932646, -0.1728850656082713, 0.0258027718741135]"
,36:60:f9:2a:4:af,-4.522711490883546,-9.212174076381523,0.636343488798422,"[13.275398572426939, 12.485842307318595, -0.41764226652932646, 12.485842307318595, 33.62017271413441, -0.1728850656082713, -0.41764226652932646, -0.1728850656082713, 0.0258027718741135]"
,4e:22:d6:b:f:1c,-6.876618521554129,-14.704603161130633,0.6684487994228091,"[6.124011134091564, -2.2887207056979295, -0.23654726595671843, -2.2887207056979295, 11.253426046532061, 0.255248196845161, -0.23654726595671843, 0.255248196845161, 0.012505992829272394]"
,56:af:97:af:76:ea,-0.19175899028778076,-4.224858125050862,0.5563610444466273,"[6.299404079657046, -1.840308157393679, -0.30094532767304055, -1.840308157393679, 0.8032753635574308, 0.08747110539447157, -0.30094532767304055, 0.08747110539447157, 0.014672455986492854]"
,56:af:97:df:76:ea,0.43763047456741333,-4.191592156887054,0.5175653770565987,"[5.682167490898859, -1.6602272419688582, -0.25590561706983594, -1.6602272419688582, 0.5705302312965834, 0.07728829433931805, -0.25590561706983594, 0.07728829433931805, 0.011804415117223133]"
